%1
n = 1:2:10;

%2
n1 = linspace(-5,5,11);
n2 = -5:5;

%3
A = [1,5,1-1i ; 4,1i,-1];

%4
A1 = [1,5,1-1i,4 ; 4,1i,-1,8 ; -5,7,0,-1];

%5
A1(:,1:2:end) = [];